m = [
0.990 0.337 0.318 0.261 0.370 0.206 0.182 0.263 0.348 0.196 0.153 0.267 0.339 0.321 0.220 0.357 0.172 0.167 0.269 0.221 0.214 0.243 0.186 0.278 0.273 0.190 0.205 0.140 0.365 0.423 0.116 0.243 0.437 0.267 0.169 0.238 0.442 0.110 0.417 0.348 0.116 0.225 0.247 0.395 0.254 0.112 0.084 0.138 0.336 0.154 0.114 0.189 0.374 0.377 0.354 0.317 0.108 0.379 0.123 0.148 
0.337 0.994 0.320 0.404 0.316 0.411 0.437 0.362 0.351 0.318 0.287 0.301 0.299 0.324 0.325 0.321 0.354 0.233 0.373 0.404 0.622 0.672 0.588 0.409 0.311 0.355 0.619 0.172 0.390 0.311 0.188 0.414 0.382 0.397 0.340 0.440 0.358 0.213 0.425 0.455 0.188 0.125 0.332 0.389 0.387 0.206 0.225 0.322 0.124 0.202 0.222 0.312 0.384 0.505 0.470 0.345 0.147 0.340 0.242 0.290 
0.318 0.320 0.996 0.281 0.255 0.253 0.265 0.180 0.302 0.298 0.191 0.228 0.287 0.218 0.320 0.431 0.265 0.181 0.181 0.236 0.341 0.292 0.277 0.237 0.271 0.294 0.285 0.163 0.391 0.257 0.121 0.270 0.274 0.209 0.261 0.274 0.413 0.129 0.296 0.218 0.121 0.148 0.286 0.309 0.258 0.183 0.086 0.172 0.236 0.143 0.191 0.312 0.279 0.387 0.306 0.283 0.168 0.317 0.229 0.260 
0.261 0.404 0.281 0.994 0.269 0.478 0.536 0.414 0.397 0.423 0.263 0.281 0.414 0.336 0.430 0.385 0.446 0.429 0.469 0.698 0.374 0.323 0.577 0.371 0.375 0.400 0.317 0.392 0.376 0.292 0.339 0.432 0.317 0.609 0.451 0.530 0.320 0.452 0.476 0.261 0.185 0.281 0.592 0.422 0.403 0.632 0.271 0.467 0.169 0.323 0.473 0.445 0.258 0.304 0.507 0.219 0.489 0.377 0.429 0.265 
0.370 0.316 0.255 0.269 0.990 0.208 0.272 0.285 0.432 0.161 0.169 0.420 0.318 0.292 0.232 0.302 0.153 0.186 0.267 0.194 0.152 0.288 0.225 0.281 0.359 0.234 0.324 0.145 0.344 0.452 0.121 0.227 0.336 0.249 0.101 0.256 0.401 0.121 0.527 0.282 0.121 0.144 0.252 0.434 0.327 0.121 0.088 0.134 0.330 0.177 0.127 0.214 0.437 0.329 0.400 0.291 0.116 0.306 0.176 0.255 
0.206 0.411 0.253 0.478 0.208 0.994 0.369 0.353 0.319 0.420 0.366 0.225 0.344 0.283 0.280 0.256 0.441 0.428 0.292 0.642 0.439 0.332 0.322 0.311 0.254 0.275 0.376 0.418 0.318 0.280 0.484 0.460 0.279 0.370 0.484 0.395 0.275 0.357 0.335 0.243 0.473 0.343 0.393 0.351 0.379 0.291 0.370 0.479 0.147 0.356 0.377 0.287 0.358 0.316 0.387 0.251 0.274 0.300 0.397 0.221 
0.182 0.437 0.265 0.536 0.272 0.369 0.994 0.309 0.207 0.365 0.237 0.191 0.269 0.225 0.351 0.195 0.333 0.180 0.521 0.437 0.390 0.310 0.458 0.427 0.248 0.316 0.530 0.182 0.355 0.172 0.134 0.300 0.210 0.479 0.320 0.383 0.208 0.285 0.277 0.270 0.134 0.111 0.405 0.229 0.430 0.415 0.105 0.314 0.163 0.300 0.369 0.412 0.232 0.351 0.360 0.288 0.309 0.198 0.293 0.237 
0.263 0.362 0.180 0.414 0.285 0.353 0.309 0.992 0.336 0.259 0.273 0.228 0.270 0.226 0.221 0.204 0.380 0.267 0.355 0.356 0.357 0.295 0.312 0.404 0.219 0.226 0.529 0.379 0.222 0.278 0.231 0.337 0.349 0.239 0.385 0.487 0.301 0.304 0.258 0.383 0.127 0.215 0.390 0.245 0.378 0.284 0.225 0.270 0.172 0.377 0.388 0.234 0.272 0.313 0.299 0.224 0.240 0.180 0.267 0.221 
0.348 0.351 0.302 0.397 0.432 0.319 0.207 0.336 0.990 0.407 0.231 0.261 0.279 0.288 0.237 0.276 0.194 0.222 0.284 0.324 0.268 0.294 0.284 0.299 0.313 0.263 0.266 0.171 0.360 0.615 0.141 0.332 0.443 0.243 0.193 0.388 0.429 0.199 0.490 0.355 0.141 0.120 0.284 0.426 0.291 0.270 0.106 0.252 0.410 0.191 0.209 0.212 0.437 0.489 0.487 0.235 0.201 0.331 0.157 0.261 
0.196 0.318 0.298 0.423 0.161 0.420 0.365 0.259 0.407 0.993 0.379 0.148 0.253 0.303 0.432 0.295 0.479 0.405 0.335 0.395 0.438 0.301 0.345 0.317 0.267 0.389 0.353 0.351 0.295 0.307 0.419 0.437 0.265 0.400 0.482 0.312 0.213 0.338 0.217 0.262 0.378 0.271 0.350 0.297 0.348 0.357 0.336 0.430 0.077 0.399 0.432 0.435 0.274 0.321 0.299 0.205 0.285 0.231 0.263 0.233 
0.153 0.287 0.191 0.263 0.169 0.366 0.237 0.273 0.231 0.379 0.996 0.131 0.202 0.294 0.266 0.231 0.425 0.538 0.327 0.419 0.428 0.360 0.260 0.276 0.199 0.297 0.240 0.461 0.300 0.264 0.555 0.457 0.182 0.276 0.455 0.407 0.242 0.580 0.234 0.265 0.514 0.379 0.338 0.185 0.330 0.356 0.453 0.463 0.159 0.443 0.551 0.328 0.203 0.300 0.316 0.191 0.360 0.224 0.375 0.138 
0.267 0.301 0.228 0.281 0.420 0.225 0.191 0.228 0.261 0.148 0.131 0.988 0.298 0.237 0.209 0.304 0.098 0.148 0.229 0.248 0.084 0.200 0.201 0.230 0.277 0.227 0.298 0.145 0.293 0.221 0.119 0.171 0.311 0.146 0.098 0.294 0.342 0.110 0.361 0.219 0.119 0.227 0.261 0.387 0.195 0.118 0.084 0.134 0.280 0.163 0.117 0.204 0.364 0.311 0.317 0.290 0.114 0.321 0.180 0.269 
0.339 0.299 0.287 0.414 0.318 0.344 0.269 0.270 0.279 0.253 0.202 0.298 0.994 0.400 0.235 0.409 0.260 0.225 0.267 0.360 0.317 0.258 0.320 0.492 0.419 0.285 0.332 0.234 0.346 0.369 0.191 0.317 0.405 0.413 0.244 0.417 0.417 0.244 0.366 0.289 0.125 0.116 0.355 0.395 0.284 0.249 0.149 0.275 0.406 0.237 0.252 0.326 0.319 0.311 0.349 0.267 0.243 0.308 0.223 0.239 
0.321 0.324 0.218 0.336 0.292 0.283 0.225 0.226 0.288 0.303 0.294 0.237 0.400 0.985 0.269 0.272 0.301 0.282 0.211 0.278 0.195 0.252 0.220 0.376 0.296 0.344 0.268 0.416 0.377 0.291 0.384 0.286 0.276 0.296 0.297 0.343 0.252 0.434 0.431 0.254 0.278 0.270 0.447 0.342 0.347 0.428 0.286 0.464 0.344 0.322 0.422 0.382 0.369 0.319 0.382 0.302 0.340 0.394 0.473 0.221 
0.220 0.325 0.320 0.430 0.232 0.280 0.351 0.221 0.237 0.432 0.266 0.209 0.235 0.269 0.993 0.360 0.360 0.290 0.247 0.299 0.427 0.264 0.397 0.323 0.225 0.317 0.334 0.284 0.319 0.279 0.232 0.297 0.213 0.264 0.347 0.395 0.228 0.284 0.361 0.158 0.124 0.268 0.342 0.322 0.311 0.350 0.196 0.217 0.147 0.234 0.400 0.480 0.351 0.348 0.296 0.283 0.239 0.382 0.244 0.163 
0.357 0.321 0.431 0.385 0.302 0.256 0.195 0.204 0.276 0.295 0.231 0.304 0.409 0.272 0.360 0.994 0.300 0.218 0.181 0.359 0.362 0.292 0.346 0.337 0.403 0.287 0.317 0.161 0.421 0.322 0.119 0.256 0.486 0.225 0.295 0.387 0.441 0.236 0.360 0.283 0.119 0.102 0.357 0.415 0.342 0.252 0.085 0.220 0.422 0.233 0.207 0.392 0.336 0.313 0.326 0.362 0.218 0.412 0.193 0.269 
0.172 0.354 0.265 0.446 0.153 0.441 0.333 0.380 0.194 0.479 0.425 0.098 0.260 0.301 0.360 0.300 0.997 0.540 0.316 0.334 0.762 0.445 0.511 0.395 0.193 0.354 0.407 0.610 0.350 0.241 0.495 0.490 0.194 0.399 0.950 0.470 0.114 0.537 0.135 0.309 0.466 0.411 0.513 0.119 0.470 0.492 0.681 0.480 0.140 0.398 0.639 0.487 0.244 0.348 0.242 0.286 0.360 0.193 0.270 0.176 
0.167 0.233 0.181 0.429 0.186 0.428 0.180 0.267 0.222 0.405 0.538 0.148 0.225 0.282 0.290 0.218 0.540 0.994 0.249 0.443 0.317 0.233 0.223 0.328 0.236 0.264 0.199 0.535 0.247 0.263 0.463 0.403 0.222 0.361 0.600 0.450 0.210 0.570 0.222 0.237 0.437 0.610 0.366 0.200 0.322 0.411 0.719 0.589 0.177 0.539 0.473 0.303 0.226 0.256 0.261 0.213 0.413 0.158 0.420 0.150 
0.269 0.373 0.181 0.469 0.267 0.292 0.521 0.355 0.284 0.335 0.327 0.229 0.267 0.211 0.247 0.181 0.316 0.249 0.987 0.335 0.403 0.277 0.415 0.369 0.327 0.223 0.347 0.278 0.320 0.250 0.192 0.433 0.212 0.411 0.343 0.404 0.330 0.267 0.277 0.261 0.117 0.291 0.360 0.303 0.346 0.364 0.154 0.226 0.195 0.320 0.344 0.257 0.309 0.372 0.340 0.285 0.245 0.199 0.209 0.228 
0.221 0.404 0.236 0.698 0.194 0.642 0.437 0.356 0.324 0.395 0.419 0.248 0.360 0.278 0.299 0.359 0.334 0.443 0.335 0.993 0.422 0.419 0.501 0.285 0.279 0.320 0.352 0.422 0.335 0.305 0.342 0.382 0.269 0.391 0.349 0.516 0.210 0.460 0.391 0.243 0.264 0.212 0.494 0.311 0.394 0.560 0.297 0.487 0.212 0.411 0.493 0.304 0.291 0.309 0.414 0.264 0.434 0.218 0.431 0.219 
0.214 0.622 0.341 0.374 0.152 0.439 0.390 0.357 0.268 0.438 0.428 0.084 0.317 0.195 0.427 0.362 0.762 0.317 0.403 0.422 0.997 0.419 0.631 0.375 0.331 0.385 0.597 0.422 0.402 0.255 0.362 0.555 0.195 0.356 0.756 0.477 0.269 0.391 0.213 0.382 0.192 0.305 0.421 0.241 0.458 0.417 0.365 0.374 0.125 0.360 0.568 0.433 0.318 0.420 0.427 0.387 0.338 0.366 0.333 0.267 
0.243 0.672 0.292 0.323 0.288 0.332 0.310 0.295 0.294 0.301 0.360 0.200 0.258 0.252 0.264 0.292 0.445 0.233 0.277 0.419 0.419 0.993 0.481 0.275 0.290 0.281 0.471 0.327 0.332 0.312 0.360 0.317 0.350 0.303 0.440 0.400 0.235 0.281 0.357 0.478 0.371 0.225 0.500 0.306 0.308 0.297 0.302 0.237 0.140 0.295 0.286 0.318 0.315 0.343 0.406 0.278 0.274 0.311 0.256 0.253 
0.186 0.588 0.277 0.577 0.225 0.322 0.458 0.312 0.284 0.345 0.260 0.201 0.320 0.220 0.397 0.346 0.511 0.223 0.415 0.501 0.631 0.481 0.996 0.288 0.342 0.364 0.511 0.147 0.310 0.187 0.164 0.405 0.264 0.395 0.524 0.402 0.303 0.346 0.368 0.341 0.164 0.185 0.388 0.338 0.343 0.333 0.207 0.316 0.104 0.265 0.340 0.428 0.269 0.341 0.471 0.275 0.233 0.278 0.237 0.231 
0.278 0.409 0.237 0.371 0.281 0.311 0.427 0.404 0.299 0.317 0.276 0.230 0.492 0.376 0.323 0.337 0.395 0.328 0.369 0.285 0.375 0.275 0.288 0.993 0.388 0.218 0.378 0.378 0.314 0.372 0.273 0.282 0.501 0.366 0.392 0.416 0.380 0.329 0.463 0.314 0.219 0.223 0.399 0.314 0.419 0.357 0.239 0.361 0.334 0.314 0.431 0.318 0.374 0.372 0.307 0.317 0.279 0.369 0.279 0.224 
0.273 0.311 0.271 0.375 0.359 0.254 0.248 0.219 0.313 0.267 0.199 0.277 0.419 0.296 0.225 0.403 0.193 0.236 0.327 0.279 0.331 0.290 0.342 0.388 0.991 0.208 0.359 0.240 0.388 0.343 0.204 0.244 0.368 0.204 0.192 0.341 0.394 0.190 0.375 0.291 0.119 0.159 0.291 0.346 0.329 0.237 0.162 0.260 0.279 0.254 0.202 0.283 0.361 0.465 0.287 0.320 0.188 0.345 0.205 0.249 
0.190 0.355 0.294 0.400 0.234 0.275 0.316 0.226 0.263 0.389 0.297 0.227 0.285 0.344 0.317 0.287 0.354 0.264 0.223 0.320 0.385 0.281 0.364 0.218 0.208 0.991 0.394 0.303 0.403 0.209 0.332 0.264 0.213 0.144 0.374 0.364 0.302 0.319 0.317 0.186 0.255 0.229 0.400 0.308 0.247 0.327 0.257 0.326 0.149 0.294 0.333 0.471 0.328 0.291 0.348 0.261 0.317 0.257 0.224 0.202 
0.205 0.619 0.285 0.317 0.324 0.376 0.530 0.529 0.266 0.353 0.240 0.298 0.332 0.268 0.334 0.317 0.407 0.199 0.347 0.352 0.597 0.471 0.511 0.378 0.359 0.394 0.997 0.134 0.422 0.199 0.150 0.348 0.295 0.381 0.360 0.349 0.340 0.229 0.286 0.364 0.150 0.100 0.326 0.344 0.393 0.278 0.167 0.266 0.096 0.173 0.291 0.386 0.308 0.437 0.482 0.375 0.175 0.385 0.185 0.261 
0.140 0.172 0.163 0.392 0.145 0.418 0.182 0.379 0.171 0.351 0.461 0.145 0.234 0.416 0.284 0.161 0.610 0.535 0.278 0.422 0.422 0.327 0.147 0.378 0.240 0.303 0.134 0.999 0.292 0.168 0.616 0.404 0.159 0.391 0.669 0.358 0.165 0.673 0.200 0.172 0.569 0.550 0.654 0.174 0.375 0.573 0.694 0.663 0.191 0.625 0.680 0.588 0.217 0.171 0.197 0.126 0.595 0.161 0.756 0.129 
0.365 0.390 0.391 0.376 0.344 0.318 0.355 0.222 0.360 0.295 0.300 0.293 0.346 0.377 0.319 0.421 0.350 0.247 0.320 0.335 0.402 0.332 0.310 0.314 0.388 0.403 0.422 0.292 0.995 0.254 0.260 0.285 0.374 0.341 0.357 0.375 0.510 0.281 0.537 0.237 0.242 0.193 0.349 0.564 0.318 0.281 0.250 0.272 0.260 0.231 0.285 0.367 0.420 0.443 0.388 0.304 0.145 0.338 0.163 0.281 
0.423 0.311 0.257 0.292 0.452 0.280 0.172 0.278 0.615 0.307 0.264 0.221 0.369 0.291 0.279 0.322 0.241 0.263 0.250 0.305 0.255 0.312 0.187 0.372 0.343 0.209 0.199 0.168 0.254 0.992 0.143 0.359 0.426 0.295 0.230 0.356 0.372 0.226 0.466 0.330 0.143 0.077 0.268 0.422 0.241 0.190 0.108 0.219 0.450 0.242 0.240 0.270 0.308 0.391 0.307 0.292 0.142 0.313 0.159 0.259 
0.116 0.188 0.121 0.339 0.121 0.484 0.134 0.231 0.141 0.419 0.555 0.119 0.191 0.384 0.232 0.119 0.495 0.463 0.192 0.342 0.362 0.360 0.164 0.273 0.204 0.332 0.150 0.616 0.260 0.143 0.997 0.463 0.132 0.243 0.544 0.295 0.135 0.524 0.156 0.181 0.932 0.480 0.560 0.138 0.328 0.474 0.572 0.494 0.161 0.434 0.479 0.421 0.120 0.205 0.148 0.158 0.523 0.124 0.564 0.120 
0.243 0.414 0.270 0.432 0.227 0.460 0.300 0.337 0.332 0.437 0.457 0.171 0.317 0.286 0.297 0.256 0.490 0.403 0.433 0.382 0.555 0.317 0.405 0.282 0.244 0.264 0.348 0.404 0.285 0.359 0.463 0.996 0.279 0.324 0.489 0.485 0.260 0.389 0.404 0.298 0.369 0.265 0.343 0.291 0.432 0.322 0.419 0.334 0.230 0.383 0.471 0.372 0.293 0.355 0.334 0.257 0.243 0.276 0.285 0.241 
0.437 0.382 0.274 0.317 0.336 0.279 0.210 0.349 0.443 0.265 0.182 0.311 0.405 0.276 0.213 0.486 0.194 0.222 0.212 0.269 0.195 0.350 0.264 0.501 0.368 0.213 0.295 0.159 0.374 0.426 0.132 0.279 0.995 0.305 0.166 0.336 0.486 0.168 0.536 0.360 0.132 0.102 0.287 0.457 0.303 0.133 0.099 0.154 0.461 0.205 0.179 0.237 0.437 0.372 0.342 0.332 0.129 0.356 0.148 0.211 
0.267 0.397 0.209 0.609 0.249 0.370 0.479 0.239 0.243 0.400 0.276 0.146 0.413 0.296 0.264 0.225 0.399 0.361 0.411 0.391 0.356 0.303 0.395 0.366 0.204 0.144 0.381 0.391 0.341 0.295 0.243 0.324 0.305 0.993 0.387 0.424 0.305 0.371 0.255 0.248 0.242 0.220 0.440 0.268 0.430 0.367 0.191 0.337 0.225 0.375 0.366 0.280 0.346 0.384 0.359 0.273 0.345 0.208 0.344 0.175 
0.169 0.340 0.261 0.451 0.101 0.484 0.320 0.385 0.193 0.482 0.455 0.098 0.244 0.297 0.347 0.295 0.950 0.600 0.343 0.349 0.756 0.440 0.524 0.392 0.192 0.374 0.360 0.669 0.357 0.230 0.544 0.489 0.166 0.387 0.998 0.469 0.114 0.572 0.135 0.294 0.507 0.452 0.533 0.119 0.456 0.488 0.736 0.476 0.140 0.435 0.643 0.515 0.240 0.331 0.242 0.284 0.416 0.195 0.465 0.198 
0.238 0.440 0.274 0.530 0.256 0.395 0.383 0.487 0.388 0.312 0.407 0.294 0.417 0.343 0.395 0.387 0.470 0.450 0.404 0.516 0.477 0.400 0.402 0.416 0.341 0.364 0.349 0.358 0.375 0.356 0.295 0.485 0.336 0.424 0.469 0.997 0.326 0.544 0.410 0.374 0.303 0.192 0.587 0.387 0.359 0.508 0.241 0.506 0.315 0.422 0.509 0.314 0.356 0.389 0.491 0.316 0.389 0.349 0.458 0.294 
0.442 0.358 0.413 0.320 0.401 0.275 0.208 0.301 0.429 0.213 0.242 0.342 0.417 0.252 0.228 0.441 0.114 0.210 0.330 0.210 0.269 0.235 0.303 0.380 0.394 0.302 0.340 0.165 0.510 0.372 0.135 0.260 0.486 0.305 0.114 0.326 0.994 0.131 0.548 0.304 0.135 0.091 0.296 0.530 0.280 0.143 0.100 0.181 0.523 0.153 0.138 0.257 0.341 0.509 0.360 0.315 0.138 0.462 0.150 0.302 
0.110 0.213 0.129 0.452 0.121 0.357 0.285 0.304 0.199 0.338 0.580 0.110 0.244 0.434 0.284 0.236 0.537 0.570 0.267 0.460 0.391 0.281 0.346 0.329 0.190 0.319 0.229 0.673 0.281 0.226 0.524 0.389 0.168 0.371 0.572 0.544 0.131 0.998 0.163 0.205 0.515 0.543 0.566 0.143 0.341 0.619 0.622 0.616 0.153 0.595 0.837 0.466 0.181 0.207 0.196 0.212 0.492 0.192 0.702 0.105 
0.417 0.425 0.296 0.476 0.527 0.335 0.277 0.258 0.490 0.217 0.234 0.361 0.366 0.431 0.361 0.360 0.135 0.222 0.277 0.391 0.213 0.357 0.368 0.463 0.375 0.317 0.286 0.200 0.537 0.466 0.156 0.404 0.536 0.255 0.135 0.410 0.548 0.163 0.991 0.258 0.156 0.087 0.351 0.552 0.270 0.233 0.120 0.290 0.589 0.243 0.172 0.388 0.397 0.460 0.564 0.280 0.171 0.457 0.267 0.219 
0.348 0.455 0.218 0.261 0.282 0.243 0.270 0.383 0.355 0.262 0.265 0.219 0.289 0.254 0.158 0.283 0.309 0.237 0.261 0.243 0.382 0.478 0.341 0.314 0.291 0.186 0.364 0.172 0.237 0.330 0.181 0.298 0.360 0.248 0.294 0.374 0.304 0.205 0.258 0.990 0.127 0.178 0.298 0.334 0.281 0.203 0.160 0.203 0.247 0.298 0.213 0.228 0.245 0.314 0.290 0.226 0.086 0.264 0.099 0.192 
0.116 0.188 0.121 0.185 0.121 0.473 0.134 0.127 0.141 0.378 0.514 0.119 0.125 0.278 0.124 0.119 0.466 0.437 0.117 0.264 0.192 0.371 0.164 0.219 0.119 0.255 0.150 0.569 0.242 0.143 0.932 0.369 0.132 0.242 0.507 0.303 0.135 0.515 0.156 0.127 0.998 0.448 0.564 0.138 0.313 0.366 0.536 0.466 0.161 0.394 0.507 0.357 0.186 0.140 0.148 0.116 0.334 0.124 0.564 0.120 
0.225 0.125 0.148 0.281 0.144 0.343 0.111 0.215 0.120 0.271 0.379 0.227 0.116 0.270 0.268 0.102 0.411 0.610 0.291 0.212 0.305 0.225 0.185 0.223 0.159 0.229 0.100 0.550 0.193 0.077 0.480 0.265 0.102 0.220 0.452 0.192 0.091 0.543 0.087 0.178 0.448 0.983 0.362 0.077 0.267 0.367 0.693 0.461 0.092 0.418 0.420 0.291 0.155 0.127 0.150 0.204 0.406 0.232 0.442 0.123 
0.247 0.332 0.286 0.592 0.252 0.393 0.405 0.390 0.284 0.350 0.338 0.261 0.355 0.447 0.342 0.357 0.513 0.366 0.360 0.494 0.421 0.500 0.388 0.399 0.291 0.400 0.326 0.654 0.349 0.268 0.560 0.343 0.287 0.440 0.533 0.587 0.296 0.566 0.351 0.298 0.564 0.362 0.997 0.316 0.426 0.593 0.464 0.481 0.209 0.438 0.567 0.514 0.365 0.318 0.275 0.281 0.540 0.210 0.575 0.196 
0.395 0.389 0.309 0.422 0.434 0.351 0.229 0.245 0.426 0.297 0.185 0.387 0.395 0.342 0.322 0.415 0.119 0.200 0.303 0.311 0.241 0.306 0.338 0.314 0.346 0.308 0.344 0.174 0.564 0.422 0.138 0.291 0.457 0.268 0.119 0.387 0.530 0.143 0.552 0.334 0.138 0.077 0.316 0.993 0.254 0.153 0.105 0.248 0.276 0.228 0.151 0.290 0.500 0.464 0.478 0.302 0.147 0.376 0.225 0.265 
0.254 0.387 0.258 0.403 0.327 0.379 0.430 0.378 0.291 0.348 0.330 0.195 0.284 0.347 0.311 0.342 0.470 0.322 0.346 0.394 0.458 0.308 0.343 0.419 0.329 0.247 0.393 0.375 0.318 0.241 0.328 0.432 0.303 0.430 0.456 0.359 0.280 0.341 0.270 0.281 0.313 0.267 0.426 0.254 0.992 0.277 0.364 0.430 0.212 0.322 0.373 0.372 0.381 0.318 0.322 0.292 0.217 0.259 0.231 0.202 
0.112 0.206 0.183 0.632 0.121 0.291 0.415 0.284 0.270 0.357 0.356 0.118 0.249 0.428 0.350 0.252 0.492 0.411 0.364 0.560 0.417 0.297 0.333 0.357 0.237 0.327 0.278 0.573 0.281 0.190 0.474 0.322 0.133 0.367 0.488 0.508 0.143 0.619 0.233 0.203 0.366 0.367 0.593 0.153 0.277 0.997 0.391 0.513 0.160 0.366 0.653 0.404 0.188 0.215 0.253 0.187 0.714 0.247 0.511 0.102 
0.084 0.225 0.086 0.271 0.088 0.370 0.105 0.225 0.106 0.336 0.453 0.084 0.149 0.286 0.196 0.085 0.681 0.719 0.154 0.297 0.365 0.302 0.207 0.239 0.162 0.257 0.167 0.694 0.250 0.108 0.572 0.419 0.099 0.191 0.736 0.241 0.100 0.622 0.120 0.160 0.536 0.693 0.464 0.105 0.364 0.391 0.999 0.601 0.125 0.550 0.509 0.426 0.144 0.108 0.114 0.082 0.406 0.089 0.551 0.082 
0.138 0.322 0.172 0.467 0.134 0.479 0.314 0.270 0.252 0.430 0.463 0.134 0.275 0.464 0.217 0.220 0.480 0.589 0.226 0.487 0.374 0.237 0.316 0.361 0.260 0.326 0.266 0.663 0.272 0.219 0.494 0.334 0.154 0.337 0.476 0.506 0.181 0.616 0.290 0.203 0.466 0.461 0.481 0.248 0.430 0.513 0.601 0.997 0.136 0.495 0.571 0.235 0.200 0.238 0.249 0.176 0.415 0.227 0.694 0.188 
0.336 0.124 0.236 0.169 0.330 0.147 0.163 0.172 0.410 0.077 0.159 0.280 0.406 0.344 0.147 0.422 0.140 0.177 0.195 0.212 0.125 0.140 0.104 0.334 0.279 0.149 0.096 0.191 0.260 0.450 0.161 0.230 0.461 0.225 0.140 0.315 0.523 0.153 0.589 0.247 0.161 0.092 0.209 0.276 0.212 0.160 0.125 0.136 0.993 0.196 0.158 0.191 0.359 0.311 0.163 0.277 0.157 0.280 0.182 0.278 
0.154 0.202 0.143 0.323 0.177 0.356 0.300 0.377 0.191 0.399 0.443 0.163 0.237 0.322 0.234 0.233 0.398 0.539 0.320 0.411 0.360 0.295 0.265 0.314 0.254 0.294 0.173 0.625 0.231 0.242 0.434 0.383 0.205 0.375 0.435 0.422 0.153 0.595 0.243 0.298 0.394 0.418 0.438 0.228 0.322 0.366 0.550 0.495 0.196 0.997 0.460 0.330 0.187 0.130 0.183 0.178 0.390 0.200 0.490 0.131 
0.114 0.222 0.191 0.473 0.127 0.377 0.369 0.388 0.209 0.432 0.551 0.117 0.252 0.422 0.400 0.207 0.639 0.473 0.344 0.493 0.568 0.286 0.340 0.431 0.202 0.333 0.291 0.680 0.285 0.240 0.479 0.471 0.179 0.366 0.643 0.509 0.138 0.837 0.172 0.213 0.507 0.420 0.567 0.151 0.373 0.653 0.509 0.571 0.158 0.460 0.999 0.515 0.130 0.218 0.197 0.252 0.449 0.200 0.567 0.110 
0.189 0.312 0.312 0.445 0.214 0.287 0.412 0.234 0.212 0.435 0.328 0.204 0.326 0.382 0.480 0.392 0.487 0.303 0.257 0.304 0.433 0.318 0.428 0.318 0.283 0.471 0.386 0.588 0.367 0.270 0.421 0.372 0.237 0.280 0.515 0.314 0.257 0.466 0.388 0.228 0.357 0.291 0.514 0.290 0.372 0.404 0.426 0.235 0.191 0.330 0.515 0.997 0.238 0.295 0.397 0.264 0.369 0.298 0.397 0.151 
0.374 0.384 0.279 0.258 0.437 0.358 0.232 0.272 0.437 0.274 0.203 0.364 0.319 0.369 0.351 0.336 0.244 0.226 0.309 0.291 0.318 0.315 0.269 0.374 0.361 0.328 0.308 0.217 0.420 0.308 0.120 0.293 0.437 0.346 0.240 0.356 0.341 0.181 0.397 0.245 0.186 0.155 0.365 0.500 0.381 0.188 0.144 0.200 0.359 0.187 0.130 0.238 0.989 0.509 0.457 0.329 0.165 0.305 0.170 0.229 
0.377 0.505 0.387 0.304 0.329 0.316 0.351 0.313 0.489 0.321 0.300 0.311 0.311 0.319 0.348 0.313 0.348 0.256 0.372 0.309 0.420 0.343 0.341 0.372 0.465 0.291 0.437 0.171 0.443 0.391 0.205 0.355 0.372 0.384 0.331 0.389 0.509 0.207 0.460 0.314 0.140 0.127 0.318 0.464 0.318 0.215 0.108 0.238 0.311 0.130 0.218 0.295 0.509 0.994 0.451 0.338 0.145 0.350 0.159 0.270 
0.354 0.470 0.306 0.507 0.400 0.387 0.360 0.299 0.487 0.299 0.316 0.317 0.349 0.382 0.296 0.326 0.242 0.261 0.340 0.414 0.427 0.406 0.471 0.307 0.287 0.348 0.482 0.197 0.388 0.307 0.148 0.334 0.342 0.359 0.242 0.491 0.360 0.196 0.564 0.290 0.148 0.150 0.275 0.478 0.322 0.253 0.114 0.249 0.163 0.183 0.197 0.397 0.457 0.451 0.996 0.271 0.247 0.428 0.263 0.309 
0.317 0.345 0.283 0.219 0.291 0.251 0.288 0.224 0.235 0.205 0.191 0.290 0.267 0.302 0.283 0.362 0.286 0.213 0.285 0.264 0.387 0.278 0.275 0.317 0.320 0.261 0.375 0.126 0.304 0.292 0.158 0.257 0.332 0.273 0.284 0.316 0.315 0.212 0.280 0.226 0.116 0.204 0.281 0.302 0.292 0.187 0.082 0.176 0.277 0.178 0.252 0.264 0.329 0.338 0.271 0.991 0.102 0.342 0.139 0.315 
0.108 0.147 0.168 0.489 0.116 0.274 0.309 0.240 0.201 0.285 0.360 0.114 0.243 0.340 0.239 0.218 0.360 0.413 0.245 0.434 0.338 0.274 0.233 0.279 0.188 0.317 0.175 0.595 0.145 0.142 0.523 0.243 0.129 0.345 0.416 0.389 0.138 0.492 0.171 0.086 0.334 0.406 0.540 0.147 0.217 0.714 0.406 0.415 0.157 0.390 0.449 0.369 0.165 0.145 0.247 0.102 0.998 0.190 0.537 0.099 
0.379 0.340 0.317 0.377 0.306 0.300 0.198 0.180 0.331 0.231 0.224 0.321 0.308 0.394 0.382 0.412 0.193 0.158 0.199 0.218 0.366 0.311 0.278 0.369 0.345 0.257 0.385 0.161 0.338 0.313 0.124 0.276 0.356 0.208 0.195 0.349 0.462 0.192 0.457 0.264 0.124 0.232 0.210 0.376 0.259 0.247 0.089 0.227 0.280 0.200 0.200 0.298 0.305 0.350 0.428 0.342 0.190 0.990 0.203 0.248 
0.123 0.242 0.229 0.429 0.176 0.397 0.293 0.267 0.157 0.263 0.375 0.180 0.223 0.473 0.244 0.193 0.270 0.420 0.209 0.431 0.333 0.256 0.237 0.279 0.205 0.224 0.185 0.756 0.163 0.159 0.564 0.285 0.148 0.344 0.465 0.458 0.150 0.702 0.267 0.099 0.564 0.442 0.575 0.225 0.231 0.511 0.551 0.694 0.182 0.490 0.567 0.397 0.170 0.159 0.263 0.139 0.537 0.203 0.998 0.137 
0.148 0.290 0.260 0.265 0.255 0.221 0.237 0.221 0.261 0.233 0.138 0.269 0.239 0.221 0.163 0.269 0.176 0.150 0.228 0.219 0.267 0.253 0.231 0.224 0.249 0.202 0.261 0.129 0.281 0.259 0.120 0.241 0.211 0.175 0.198 0.294 0.302 0.105 0.219 0.192 0.120 0.123 0.196 0.265 0.202 0.102 0.082 0.188 0.278 0.131 0.110 0.151 0.229 0.270 0.309 0.315 0.099 0.248 0.137 0.984 
];
