m = [
0.990 0.337 0.318 0.261 0.370 0.206 0.182 0.263 0.348 0.196 0.153 0.267 0.339 0.321 0.220 0.357 0.172 0.167 0.269 0.221 0.214 0.243 0.186 0.278 0.273 0.190 0.205 0.140 0.365 0.423 0.116 0.243 0.437 0.267 0.169 0.238 0.442 0.110 0.417 0.348 0.116 0.225 0.247 0.395 0.254 0.112 0.084 0.138 0.336 0.154 0.114 0.189 0.374 0.377 0.354 0.317 0.108 0.379 0.123 0.148 
0.337 0.994 0.320 0.404 0.316 0.411 0.437 0.362 0.351 0.318 0.287 0.301 0.299 0.324 0.325 0.321 0.354 0.233 0.373 0.404 0.622 0.672 0.588 0.409 0.311 0.355 0.619 0.172 0.390 0.311 0.188 0.414 0.382 0.397 0.340 0.440 0.358 0.213 0.425 0.455 0.188 0.125 0.332 0.389 0.387 0.206 0.225 0.322 0.124 0.202 0.222 0.312 0.384 0.505 0.470 0.345 0.147 0.340 0.242 0.290 
0.318 0.320 0.996 0.281 0.255 0.253 0.265 0.180 0.302 0.298 0.191 0.228 0.287 0.218 0.320 0.431 0.265 0.181 0.181 0.236 0.341 0.292 0.277 0.237 0.271 0.294 0.285 0.163 0.391 0.257 0.121 0.270 0.274 0.209 0.261 0.274 0.413 0.129 0.296 0.218 0.121 0.148 0.286 0.309 0.258 0.183 0.086 0.172 0.236 0.143 0.191 0.312 0.279 0.387 0.306 0.283 0.168 0.317 0.229 0.260 
0.261 0.404 0.281 0.994 0.269 0.478 0.536 0.414 0.397 0.423 0.263 0.281 0.414 0.336 0.430 0.385 0.446 0.429 0.469 0.698 0.374 0.323 0.577 0.371 0.375 0.400 0.317 0.392 0.376 0.292 0.339 0.432 0.317 0.609 0.451 0.530 0.320 0.452 0.476 0.261 0.185 0.281 0.592 0.422 0.403 0.632 0.271 0.467 0.169 0.323 0.473 0.445 0.258 0.304 0.507 0.219 0.489 0.377 0.429 0.265 
0.370 0.316 0.255 0.269 0.990 0.208 0.272 0.285 0.432 0.161 0.169 0.420 0.318 0.292 0.232 0.302 0.153 0.186 0.267 0.194 0.152 0.288 0.225 0.281 0.359 0.234 0.324 0.145 0.344 0.452 0.121 0.227 0.336 0.249 0.101 0.256 0.401 0.121 0.527 0.282 0.121 0.144 0.252 0.434 0.327 0.121 0.088 0.134 0.330 0.177 0.127 0.214 0.437 0.329 0.400 0.291 0.116 0.306 0.176 0.255 
0.206 0.411 0.253 0.478 0.208 0.994 0.369 0.353 0.319 0.420 0.366 0.225 0.344 0.283 0.280 0.256 0.441 0.428 0.292 0.642 0.439 0.332 0.322 0.311 0.254 0.275 0.376 0.418 0.318 0.280 0.484 0.460 0.279 0.370 0.484 0.395 0.275 0.357 0.335 0.243 0.473 0.343 0.393 0.351 0.379 0.291 0.370 0.479 0.147 0.356 0.377 0.287 0.358 0.316 0.387 0.251 0.274 0.300 0.397 0.221 
0.182 0.437 0.265 0.536 0.272 0.369 0.994 0.309 0.207 0.365 0.237 0.191 0.269 0.225 0.351 0.195 0.333 0.180 0.521 0.437 0.390 0.310 0.458 0.427 0.248 0.316 0.530 0.182 0.355 0.172 0.134 0.300 0.210 0.479 0.320 0.383 0.208 0.285 0.277 0.270 0.134 0.111 0.405 0.229 0.430 0.415 0.105 0.314 0.163 0.300 0.369 0.412 0.232 0.351 0.360 0.288 0.309 0.198 0.293 0.237 
0.263 0.362 0.180 0.414 0.285 0.353 0.309 0.992 0.336 0.259 0.273 0.228 0.270 0.226 0.221 0.204 0.380 0.267 0.355 0.356 0.357 0.295 0.312 0.404 0.219 0.226 0.529 0.379 0.222 0.278 0.231 0.337 0.349 0.239 0.385 0.487 0.301 0.304 0.258 0.383 0.127 0.215 0.390 0.245 0.378 0.284 0.225 0.270 0.172 0.377 0.388 0.234 0.272 0.313 0.299 0.224 0.240 0.180 0.267 0.221 
0.348 0.351 0.302 0.397 0.432 0.319 0.207 0.336 0.990 0.407 0.231 0.261 0.279 0.288 0.237 0.276 0.194 0.222 0.284 0.324 0.268 0.294 0.284 0.299 0.313 0.263 0.266 0.171 0.360 0.615 0.141 0.332 0.443 0.243 0.193 0.388 0.429 0.199 0.490 0.355 0.141 0.120 0.284 0.426 0.291 0.270 0.106 0.252 0.410 0.191 0.209 0.212 0.437 0.489 0.487 0.235 0.201 0.331 0.157 0.261 
0.196 0.318 0.298 0.423 0.161 0.420 0.365 0.259 0.407 0.993 0.379 0.148 0.253 0.303 0.432 0.295 0.479 0.405 0.335 0.395 0.438 0.301 0.345 0.317 0.267 0.389 0.353 0.351 0.295 0.307 0.419 0.437 0.265 0.400 0.482 0.312 0.213 0.338 0.217 0.262 0.378 0.271 0.350 0.297 0.348 0.357 0.336 0.430 0.077 0.399 0.432 0.435 0.274 0.321 0.299 0.205 0.285 0.231 0.263 0.233 
0.153 0.287 0.191 0.263 0.169 0.366 0.237 0.273 0.231 0.379 0.996 0.131 0.202 0.294 0.266 0.231 0.425 0.538 0.327 0.419 0.428 0.360 0.260 0.276 0.199 0.297 0.240 0.461 0.300 0.264 0.555 0.457 0.182 0.276 0.455 0.407 0.242 0.580 0.234 0.265 0.514 0.379 0.338 0.185 0.330 0.356 0.453 0.463 0.159 0.443 0.551 0.328 0.203 0.300 0.316 0.191 0.360 0.224 0.375 0.138 
0.267 0.301 0.228 0.281 0.420 0.225 0.191 0.228 0.261 0.148 0.131 0.988 0.298 0.237 0.209 0.304 0.098 0.148 0.229 0.248 0.084 0.200 0.201 0.230 0.277 0.227 0.298 0.145 0.293 0.221 0.119 0.171 0.311 0.146 0.098 0.294 0.342 0.110 0.361 0.219 0.119 0.227 0.261 0.387 0.195 0.118 0.084 0.134 0.280 0.163 0.117 0.204 0.364 0.311 0.317 0.290 0.114 0.321 0.180 0.269 
0.339 0.299 0.287 0.414 0.318 0.344 0.269 0.270 0.279 0.253 0.202 0.298 0.994 0.400 0.235 0.409 0.260 0.225 0.267 0.360 0.317 0.258 0.320 0.492 0.419 0.285 0.332 0.234 0.346 0.369 0.191 0.317 0.405 0.413 0.244 0.417 0.417 0.244 0.366 0.289 0.125 0.116 0.355 0.395 0.284 0.249 0.149 0.275 0.406 0.237 0.252 0.326 0.319 0.311 0.349 0.267 0.243 0.308 0.223 0.239 
0.321 0.324 0.218 0.336 0.292 0.283 0.225 0.226 0.288 0.303 0.294 0.237 0.400 0.985 0.269 0.272 0.301 0.282 0.211 0.278 0.195 0.252 0.220 0.376 0.296 0.344 0.268 0.416 0.377 0.291 0.384 0.286 0.276 0.296 0.297 0.343 0.252 0.434 0.431 0.254 0.278 0.270 0.447 0.342 0.347 0.428 0.286 0.464 0.344 0.322 0.422 0.382 0.369 0.319 0.382 0.302 0.340 0.394 0.473 0.221 
0.220 0.325 0.320 0.430 0.232 0.280 0.351 0.221 0.237 0.432 0.266 0.209 0.235 0.269 0.993 0.360 0.360 0.290 0.247 0.299 0.427 0.264 0.397 0.323 0.225 0.317 0.334 0.284 0.319 0.279 0.232 0.297 0.213 0.264 0.347 0.395 0.228 0.284 0.361 0.158 0.124 0.268 0.342 0.322 0.311 0.350 0.196 0.217 0.147 0.234 0.400 0.480 0.351 0.348 0.296 0.283 0.239 0.382 0.244 0.163 
0.357 0.321 0.431 0.385 0.302 0.256 0.195 0.204 0.276 0.295 0.231 0.304 0.409 0.272 0.360 0.994 0.300 0.218 0.181 0.359 0.362 0.292 0.346 0.337 0.403 0.287 0.317 0.161 0.421 0.322 0.119 0.256 0.486 0.225 0.295 0.387 0.441 0.236 0.360 0.283 0.119 0.102 0.357 0.415 0.342 0.252 0.085 0.220 0.422 0.233 0.207 0.392 0.336 0.313 0.326 0.362 0.218 0.412 0.193 0.269 
0.172 0.354 0.265 0.446 0.153 0.441 0.333 0.380 0.194 0.479 0.425 0.098 0.260 0.301 0.360 0.300 0.997 0.540 0.316 0.334 0.762 0.445 0.511 0.395 0.193 0.354 0.407 0.610 0.350 0.241 0.495 0.490 0.194 0.399 0.950 0.470 0.114 0.537 0.135 0.309 0.466 0.411 0.513 0.119 0.470 0.492 0.681 0.480 0.140 0.398 0.639 0.487 0.244 0.348 0.242 0.286 0.360 0.193 0.270 0.176 
0.167 0.233 0.181 0.429 0.186 0.428 0.180 0.267 0.222 0.405 0.538 0.148 0.225 0.282 0.290 0.218 0.540 0.994 0.249 0.443 0.317 0.233 0.223 0.328 0.236 0.264 0.199 0.535 0.247 0.263 0.463 0.403 0.222 0.361 0.600 0.450 0.210 0.570 0.222 0.237 0.437 0.610 0.366 0.200 0.322 0.411 0.719 0.589 0.177 0.539 0.473 0.303 0.226 0.256 0.261 0.213 0.413 0.158 0.420 0.150 
0.269 0.373 0.181 0.469 0.267 0.292 0.521 0.355 0.284 0.335 0.327 0.229 0.267 0.211 0.247 0.181 0.316 0.249 0.987 0.335 0.403 0.277 0.415 0.369 0.327 0.223 0.347 0.278 0.320 0.250 0.192 0.433 0.212 0.411 0.343 0.404 0.330 0.267 0.277 0.261 0.117 0.291 0.360 0.303 0.346 0.364 0.154 0.226 0.195 0.320 0.344 0.257 0.309 0.372 0.340 0.285 0.245 0.199 0.209 0.228 
0.221 0.404 0.236 0.698 0.194 0.642 0.437 0.356 0.324 0.395 0.419 0.248 0.360 0.278 0.299 0.359 0.334 0.443 0.335 0.993 0.422 0.419 0.501 0.285 0.279 0.320 0.352 0.422 0.335 0.305 0.342 0.382 0.269 0.391 0.349 0.516 0.210 0.460 0.391 0.243 0.264 0.212 0.494 0.311 0.394 0.560 0.297 0.487 0.212 0.411 0.493 0.304 0.291 0.309 0.414 0.264 0.434 0.218 0.431 0.219 
0.214 0.622 0.341 0.374 0.152 0.439 0.390 0.357 0.268 0.438 0.428 0.084 0.317 0.195 0.427 0.362 0.762 0.317 0.403 0.422 0.997 0.419 0.631 0.375 0.331 0.385 0.597 0.422 0.402 0.255 0.362 0.555 0.195 0.356 0.756 0.477 0.269 0.391 0.213 0.382 0.192 0.305 0.421 0.241 0.458 0.417 0.365 0.374 0.125 0.360 0.568 0.433 0.318 0.420 0.427 0.387 0.338 0.366 0.333 0.267 
0.243 0.672 0.292 0.323 0.288 0.332 0.310 0.295 0.294 0.301 0.360 0.200 0.258 0.252 0.264 0.292 0.445 0.233 0.277 0.419 0.419 0.993 0.481 0.275 0.290 0.281 0.471 0.327 0.332 0.312 0.360 0.317 0.350 0.303 0.440 0.400 0.235 0.281 0.357 0.478 0.371 0.225 0.500 0.306 0.308 0.297 0.302 0.237 0.140 0.295 0.286 0.318 0.315 0.343 0.406 0.278 0.274 0.311 0.256 0.253 
