%% Colors from Amy's paper
col_LOG = [20 171 61]/255;
col_pITG = [189 0 16]/255;
col_aITG = [218 22 255]/255;
col_mFG = [36 32 234]/255;
col_aFG = [116 4 254]/255;
col_aSOG = [109 36 254]/255;
col_SPL = [252 72 80]/255;
col_pIPS = [22 191 116]/255;
col_aIPS = [253 148 25]/255;
col_AG = [17 139 231]/255;
col_SMG = [32 222 32]/255;